CNN_1_1 : 11.681226
CNN_1_2 : 3.889593
CNN_1_3 : 4.021686
CNN_1_4 : 184.2592
CNN_1_5 : 164.882528
CNN_1_6 : 3.58368
CNN_1_7 : 3.889335
CNN_1_8 : 45.123269
CNN_1_9 : 4.486982
