TX : 2761.341419
RX : 3466.029851
