TX : 3033.797107
RX : 3689.334415
