TX : 2860.588109
RX : 2399.570441
