TX : 2988.812364
RX : 2780.932753
