TX : 3200.108089
RX : 2355.818952
