TX : 3054.481249
RX : 3690.807396
