TX : 4060.488409
RX : 3920.84326
